2605.27922
2605.29682
2508.03680
2608.17528
2510.04206
2409.19256
2308.11432
2309.07864
2412.17481
2404.13501
2402.01680
2405.17935
2503.16416
2201.11903
2205.11916
2205.00445
2210.03350
2210.03629
2203.11171
2305.04091
2303.11366
2303.17651
2304.08354
2305.10601
2304.08244
2305.15334
2306.06624
2308.03427
2302.04761
2402.04253
2307.16789
2410.04587
2409.00920
2308.10848
2303.17760
2307.07924
2304.03442
2308.00352
2305.16291
2402.14034
2407.16741
2404.06921
2405.15793
2510.04618
2603.28052
2603.25723
2605.17734
2604.11378
2304.11477
2408.07199
2401.08500
2401.17464
2310.04406
2309.17452
2501.05366
2502.04780
2310.08560
2305.10250
2402.17753
2410.10813
2407.16833
2502.12110
2504.19413
2512.13564
2308.08155
2308.07201
2305.14325
2404.04735
2402.05120
2505.22960
2503.13657
2404.05427
2406.01304
2402.01030
2407.01489
2412.21139
2403.12881
2412.09605
2401.05268
2409.12917
2406.11176
2411.02337
2603.11853
2403.16971
2606.23449
2603.02277
2403.02691
2504.19793
2511.20920
2508.07935
2509.25238
2510.21236
2503.18666
2602.07398
2302.12173
2509.26354
2602.11327
2410.09024
2402.01586
2309.15817
2211.09527
2505.02279
2602.12670
2402.09727
2506.06326
2309.02427
2603.00195
2307.03172
2507.13334
2603.13404
2408.04682
2511.14650
2310.12823
2409.07429
2510.12635
2603.07670
2511.20857
2602.16873
2504.21034
2602.19843
2511.10400
2601.12307
2406.04692
2601.01743
2305.18323
2305.14322
2306.07174
2306.07863
2308.10144
2310.05029
2311.08719
2403.11901
2405.14831
2412.15266
2504.15965
2507.07957
2509.25140
2501.13956
2508.03341
2507.03724
2506.07398
2205.12255
2304.09842
2305.17126
2305.18752
2305.11554
2306.05301
2308.00675
2401.07324
2403.07714
2403.15452
2409.03215
2503.23278
2604.11557
2604.24594
2607.04686
2606.26027
2607.10569
2305.19118
2307.02485
2309.13007
2310.02170
2312.01823
2309.17234
2307.05300
2311.17371
2402.06782
2502.14321
2501.06322
2402.16823
2406.07155
2604.17148
2406.13352
2504.18575
2401.10019
2311.11855
2406.03007
2407.12784
2410.02644
2412.13178
2407.01502
2401.05566
2412.04984
2503.09648
2504.15585
2506.23844
2505.16421
2505.22942
2508.14040
2509.14172
2602.04634
2604.00344
2604.00722
2510.24284
2601.22149
2602.13653
2603.07927
2508.20096
2606.20683
2604.08224
2606.25447
2604.25850
2606.21856
2605.24539
2607.21653
2609.04518
2609.05019
2605.30621
2410.10762
2603.05344
2602.03786
2605.02801
2607.13359
2601.14652
2607.25656
2506.08837
2602.10453
2605.03378
2607.08147
2601.04795
2602.20708
2608.05108
2609.01222
2505.24298
2607.01120
